# trbnet-address  channel  station  layer  straw  cell
[PreTest]
[TestLookup]
##################################################### Layer1 #################################################

################### TDC1 ##################

#### Module 1 ####
0xe100	1	1	1	16	3	
0xe100	2	1	1	15	3	
0xe100	3	1	1	14	3	
0xe100	4	1	1	13	3	
0xe100	5	1	1	12	3	
0xe100	6	1	1	11	3	
0xe100	7	1	1	10	3	
0xe100	8	1	1	9	3	
0xe100	9	1	1	8	3	
0xe100	10	1	1	7	3	
0xe100	11	1	1	6	3	
0xe100	12	1	1	5	3	
0xe100	13	1	1	4	3	
0xe100	14	1	1	3	3	
0xe100	15	1	1	2	3	
0xe100	16	1	1	1	3	


0xe100	17	1	1	32	3	
0xe100	18	1	1	31	3	
0xe100	19	1	1	30	3	
0xe100	20	1	1	29	3	
0xe100	21	1	1	28	3	
0xe100	22	1	1	27	3	
0xe100	23	1	1	26	3	
0xe100	24	1	1	25	3
0xe100	25	1	1	24	3	
0xe100	26	1	1	23	3	
0xe100	27	1	1	22	3	
0xe100	28	1	1	21	3	
0xe100	29	1	1	20	3	
0xe100	30	1	1	19	3	
0xe100	31	1	1	18	3	
0xe100	32	1	1	17	3	
#### Module 2 ####
0xe100	33	1	1	48	3	
0xe100	34	1	1	47	3	
0xe100	35	1	1	46	3	
0xe100	36	1	1	45	3	
0xe100	37	1	1	44	3	
0xe100	38	1	1	43	3	
0xe100	39	1	1	42	3	
0xe100	40	1	1	41	3	
0xe100	41	1	1	40	3	
0xe100	42	1	1	39	3	
0xe100	43	1	1	38	3	
0xe100	44	1	1	37	3	
0xe100	45	1	1	36	3	
0xe100	46	1	1	35	3	
0xe100	47	1	1	34	3	
0xe100	48	1	1	33	3	

################### TDC2 ##################
0xe101	1	1	1	64	3	
0xe101	2	1	1	63	3	
0xe101	3	1	1	62	3	
0xe101	4	1	1	61	3	
0xe101	5	1	1	60	3	
0xe101	6	1	1	59	3	
0xe101	7	1	1	58	3	
0xe101	8	1	1	57	3	
0xe101	9	1	1	56	3	
0xe101	10	1	1	55	3	
0xe101	11	1	1	54	3	
0xe101	12	1	1	53	3	
0xe101	13	1	1	52	3	
0xe101	14	1	1	51	3	
0xe101	15	1	1	50	3	
0xe101	16	1	1	49	3	
		

##################################################### Layer2 #################################################
#### Module 3 ####
0xe101	17	1	2	16	3		
0xe101	18	1	2	15	3	
0xe101	19	1	2	14	3	
0xe101	20	1	2	13	3	
0xe101	21	1	2	12	3	
0xe101	22	1	2	11	3	
0xe101	23	1	2	10	3	
0xe101	24	1	2	9	3	
0xe101	25	1	2	8	3	
0xe101	26	1	2	7	3	
0xe101	27	1	2	6	3	
0xe101	28	1	2	5	3	
0xe101	29	1	2	4	3	
0xe101	30	1	2	3	3	
0xe101	31	1	2	2	3	
0xe101	32	1	2	1	3	


0xe101	33	1	2	32	3	
0xe101	34	1	2	31	3	
0xe101	35	1	2	30	3	
0xe101	36	1	2	29	3	
0xe101	37	1	2	28	3	
0xe101	38	1	2	27	3	
0xe101	39	1	2	26	3	
0xe101	40	1	2	25	3	
0xe101	41	1	2	24	3	
0xe101	42	1	2	23	3	
0xe101	43	1	2	22	3	
0xe101	44	1	2	21	3	
0xe101	45	1	2	20	3	
0xe101	46	1	2	19	3	
0xe101	47	1	2	18	3	
0xe101	48	1	2	17	3	

################### TDC3 ##################
#### Module 4 ####
				
0xe102	17	1	2	48	3	
0xe102	18	1	2	47	3	
0xe102	19	1	2	46	3	
0xe102	20	1	2	45	3	
0xe102	21	1	2	44	3
0xe102	22	1	2	43	3	
0xe102	23	1	2	42	3	
0xe102	24	1	2	41	3
0xe102	25	1	2	40	3	
0xe102	26	1	2	39	3	
0xe102	27	1	2	38	3	
0xe102	28	1	2	37	3	
0xe102	29	1	2	36	3	
0xe102	30	1	2	35	3	
0xe102	31	1	2	34	3	
0xe102	32	1	2	33	3	

								
####	Module
				
0xe102	33	1	2	64	3	
0xe102	34	1	2	63	3	
0xe102	35	1	2	62	3	
0xe102	36	1	2	61	3	
0xe102	37	1	2	60	3		
0xe102	38	1	2	59	3	
0xe102	39	1	2	58	3	
0xe102	40	1	2	57	3	
0xe102	41	1	2	56	3	
0xe102	42	1	2	55	3	
0xe102	43	1	2	54	3	
0xe102	44	1	2	53	3	
0xe102	45	1	2	52	3	
0xe102	46	1	2	51	3	
0xe102	47	1	2	50	3	
0xe102	48	1	2	49	3	

#####################################################	Layer3	
###################	TDC4			
0xe200	1	1	3	16	3	
0xe200	2	1	3	15	3	
0xe200	3	1	3	14	3	
0xe200	4	1	3	13	3	
0xe200	5	1	3	12	3	
0xe200	6	1	3	11	3	
0xe200	7	1	3	10	3	
0xe200	8	1	3	9	3	
0xe200	9	1	3	8	3	
0xe200	10	1	3	7	3	
0xe200	11	1	3	6	3	
0xe200	12	1	3	5	3	
0xe200	13	1	3	4	3	
0xe200	14	1	3	3	3	
0xe200	15	1	3	2	3	
0xe200	16	1	3	1	3	


####	Module				
0xe200	17	1	3	32	3	
0xe200	18	1	3	31	3	
0xe200	19	1	3	30	3	
0xe200	20	1	3	29	3	
0xe200	21	1	3	28	3	
0xe200	22	1	3	27	3	
0xe200	23	1	3	26	3	
0xe200	24	1	3	25	3	
0xe200	25	1	3	24	3	
0xe200	26	1	3	23	3	
0xe200	27	1	3	22	3	
0xe200	28	1	3	21	3	
0xe200	29	1	3	20	3	
0xe200	30	1	3	19	3	
0xe200	31	1	3	18	3	
0xe200	32	1	3	17	3	


0xe200	33	1	3	48	3	
0xe200	34	1	3	47	3	
0xe200	35	1	3	46	3	
0xe200	36	1	3	45	3	
0xe200	37	1	3	44	3	
0xe200	38	1	3	43	3	
0xe200	39	1	3	42	3	
0xe200	40	1	3	41	3	
0xe200	41	1	3	40	3	
0xe200	42	1	3	39	3	
0xe200	43	1	3	38	3	
0xe200	44	1	3	37	3	
0xe200	45	1	3	36	3	
0xe200	46	1	3	35	3	
0xe200	47	1	3	34	3	
0xe200	48	1	3	33	3	


###################	TDC5				
####	Module				
0xe201	1	1	3	64	3	
0xe201	2	1	3	63	3		
0xe201	3	1	3	62	3	
0xe201	4	1	3	61	3	
0xe201	5	1	3	60	3	
0xe201	6	1	3	59	3	
0xe201	7	1	3	58	3	
0xe201	8	1	3	57	3	
0xe201	9	1	3	56	3	
0xe201	10	1	3	55	3	
0xe201	11	1	3	54	3	
0xe201	12	1	3	53	3	
0xe201	13	1	3	52	3	
0xe201	14	1	3	51	3	
0xe201	15	1	3	50	3	
0xe201	16	1	3	49	3	


#####################################################	Layer4				
0xe201	17	1	4	16	3	
0xe201	18	1	4	15	3	
0xe201	19	1	4	14	3		
0xe201	20	1	4	13	3	
0xe201	21	1	4	12	3		
0xe201	22	1	4	11	3	
0xe201	23	1	4	10	3	
0xe201	24	1	4	9	3	
0xe201	25	1	4	8	3	
0xe201	26	1	4	7	3	
0xe201	27	1	4	6	3	
0xe201	28	1	4	5	3	
0xe201	29	1	4	4	3	
0xe201	30	1	4	3	3	
0xe201	31	1	4	2	3	
0xe201	32	1	4	1	3	

####	Module				
0xe201	33	1	4	32	3	
0xe201	34	1	4	31	3	
0xe201	35	1	4	30	3	
0xe201	36	1	4	29	3
0xe201	37	1	4	28	3	
0xe201	38	1	4	27	3	
0xe201	39	1	4	26	3	
0xe201	40	1	4	25	3	
0xe201	41	1	4	24	3	
0xe201	42	1	4	23	3	
0xe201	43	1	4	22	3	
0xe201	44	1	4	21	3	
0xe201	45	1	4	20	3	
0xe201	46	1	4	19	3	
0xe201	47	1	4	18	3	
0xe201	48	1	4	17	3	

###################	TDC6				
0xe202	1	1	4	48	3	
0xe202	2	1	4	47	3	
0xe202	3	1	4	46	3	
0xe202	4	1	4	45	3	
0xe202	5	1	4	44	3	
0xe202	6	1	4	43	3	
0xe202	7	1	4	42	3	
0xe202	8	1	4	41	3	
0xe202	9	1	4	40	3	
0xe202	10	1	4	39	3	
0xe202	11	1	4	38	3	
0xe202	12	1	4	37	3		
0xe202	13	1	4	36	3	
0xe202	14	1	4	35	3	
0xe202	15	1	4	34	3	
0xe202	16	1	4	33	3	


0xe202	17	1	4	64	3	
0xe202	18	1	4	63	3	
0xe202	19	1	4	62	3	
0xe202	20	1	4	61	3	
0xe202	21	1	4	60	3	
0xe202	22	1	4	59	3	
0xe202	23	1	4	58	3
0xe202	24	1	4	57	3	
0xe202	25	1	4	56	3	
0xe202	26	1	4	55	3	
0xe202	27	1	4	54	3		
0xe202	28	1	4	53	3	
0xe202	29	1	4	52	3	
0xe202	30	1	4	51	3	
0xe202	31	1	4	50	3		
0xe202	32	1	4	49	3	

[PostTest] 
